62
8
69
41162
8
955
2
97527
4
75413
9
198
69299
72111
82
87
55358
67
4
5
527
18
462
41
93771
432
135
9
9
4
58
7
14
53
51931
969
8
5
29428
68
12
782
17296
49
3
26919
21214
4
11
89
9289
4
7
4
91
9
3
59
3
9
5768
1
64
6
434
26
3
63546
6
9
67963
59148
9
9
82942
2
4
173
1
1979
76516
9
6
7
8
85424
9168
4544
4
2
43
3673
34422
5
14
734
589
75248
65
289
131
78
8534
74448
7
6
4
12
36731
835
43732
9
22
57162
33
71
713
21268
13
64
1
5
51459
846
951
9851
512
6
56
49896
1
47549
12
1679
5
24999
5
43513
291
3
56
5
279
7224
9557
79
2526
5
9
9
358
1
2
29582
9
78
57
6
1
37
87
23
965
6
4
37
26
11926
5
781
9
58
5
3
627
4395
56795
2
6
4
9
94
339
1
2
58
837
9
87544
3
6
4
4
9
5
8
73486
14157
19
2
563
379
3716
8
37
5612
44319
5
88
2
3
59297
37147
8
54145
1
5
1157
6
825
56
3
97
7
4
5224
8
2
47889
8795
65917
4
925
17
5157
25693
2221
4447
1445
27
7235
7
86
16923
8
66875
1
69612
24971
35859
4
47
322
5
815
98474
64
37
8892
16135
973
7
2
834
8
567
1
61
2
99
1
58492
2
292
9
92
22
32
3215
849
3
5
2699
6
453
94373
66654
9
23
74
12
89856
43429
22
17
1434
1
327
95
78914
66236
9
57147
8
22
9
218
43741
97569
3
1
36
8
84
539
8
1
679
82218
57374
94
28
79
59947
94
4
48
63
2
15687
3
9
28
2
51893
2
244
98178
54369
865
9
1
294
29
3
39
65
5
5
26942
5
2
589
7
3
41
1
4117
997
57991
977
929
839
949
5
1
4
98
25
2
7
1
44
8
76
22642
59758
21
74
4368
817
2
1
7293
38792
5
79168
111
72
875
32393
1
95322
7639
52
18
45211
556
3
8
94
8
1
76396
566
186
95
588
321
5
3689
877
34
6
78
39899
3
75
934
4
8175
55
9
93955
62662
99814
51
8
9784
6
517
1
858
386
51283
26255
41
63357
242
7
3
7321
1
96
255
9
9
754
3
12
9
655
151
66
7
475
62578
6
264
764
68246
2965
5382
9
3
53486
3
25
6
6
1
3
17394
1
72948
947
24
68
5
12182
46998
69256
1
2
2
571
4
9
598
75756
97597
1
78
2
9
65
13518
3
8
77
84
72752
9
4
6
91
7
31
6
46816
3
4
23965
74172
6167
21284
14
934
73122
4
49
84845
1
356
13
7
52378
5
18
1
7
3
78
35
8
8625
94168
3973
59382
53
8
7
2549
7
62
5
2
42
28
37
274
38659
23429
5
882
3459
35
88
8151
36
21
82
1
4624
77
4
9935
6
8
68
8
8
6
717
1
22
57424
1
573
5
64375
1
7
88
8
5
63862
55
33793
7
46
7
79
2
14961
2
411
9925
2
1
32
54
24284
23591
82
9
5
9352
4
599
6
2
55115
6799
44451
67
5
6
4
824
78
7
891
2
22262
442
2
4191
22
336
69
816
14956
17
13
285
62495
9
1
68
4895
5
339
97793
4
351
28423
7
219
7
84
1
583
4
8
8
94755
83
85
11
6
83
5
84
4
1
99
2
271
822
2
5
4
378
46247
62553
541
29
5922
5
463
45
94
4
41
85844
2
6
24117
43
4
67
11259
848
75
94643
88
57
94343
2822
483
7869
78
34396
3
69
9
21177
4
31
34426
29315
52
4
6
8
6
5
5
3
262
592
73
19236
93
9
52
4
8676
5
37378
88651
6
5
3
24
215
6
4
173
8
39
5315
23
3172
345
92
14393
99211
17444
89
14242
8
3
2
78493
3
551
9
12
36
8
93633
5
243
65
55365
3
456
6
977
2
4
58
1
65113
74
31
88296
7
9
14783
8
72
218
796
28985
49383
7188
9
171
7
32
46
3
32
1257
6
2
6
453
7
59494
47
64924
73872
8
2
959
67825
946
6
37
16
6
42626
96
58
5
65
3
49598
1
28
65287
312
252
41
3
6659
93419
74415
2
16
798
3
7
1281
13498
4
18
2
18516
65
33621
48
24761
7
5
46
31
851
153
963
17
2
69446
2
9
5
7
76761
6
4
76
49194
52924
36
3
286
9
2
2
5
14
9
443
36
61965
66891
5
43
8314
4
19896
7
54981
2
46134
14
1
762
12566
8
8
43
84
8
1
56553
87
8
68351
3872
8
7
7
169
33
289
9
9
816
56
136
2
55
87755
6
97
596
7
6
29
3795
63
719
9
29439
77
186
63482
4
77788
97
65
371
36
4
62
2293
33
9
5
14
45449
9129
41
5
56
582
95
9
9
22
1727
29781
5
839
24939
1457
938
184
61
4
4
62
1
412
693
96635
83
316
16635
146
97
68
338
74395
73
7
43652
95
619
78878
739
5141
72
661
2891
312
13641
4
433
5
18
9
8
3
4
599
28
5
8
54
6
27
332
45
14
65282
3
9
9691
1
8
9116
44257
69
64
8
2
7
7851
39
69569
7
46
65658
6
771
82
47
3
93
836
4
6
83
5926
7
6332
3815
5
21696
26
73943
3
7948
5758
2
79
1
7
6327
5
1
4254
1
356
4
9736
5
4
662
1
96623
2
393
3
1
5196
8
6
8
4276
86
79
11877
15513
25
8
31
354
6
7519
5
35315
27
31
85
2
5
46
96
674
43
9
52
5
7467
8
214
1
81858
4
68468
15
74776
5
12457
554
34
5958
63493
52
5
3
1
349
91
8
412
5258
71
9
39874
94368
99
321
93
795
21521
43133
8
761
7
3
9866
816
79946
75
1
7
757
6844
92752
6
72966
3
5
93589
53235
813
74732
34
6
424
92745
4
4
42418
68922
525
48135
1
38357
95842
61
8
429
9
93543
5
5
724
195
1
148
69384
2
182
6487
91994
56
875
2
78
3
1
55175
77
4626
5477
9
7
715
3
7
5
86
7
2
72672
24
5774
19181
6
2
32212
3855
4769
232
86321
1585
448
66398
735
8
2
5
6
9516
1233
74
8
53
3
7
54
38598
72
43627
8
71
26828
91257
9
93
67749
52434
4
5
2147
9
97927
5916
9
9
61
59329
32645
431
48878
7
6
34
4375
3
9
5498
8
985
79
4
778
93895
735
236
53366
7823
562
25
3
6
5
8838
16676
6
17918
683
5655
24
68
77
686
8
424
55
3974
7
9
6
762
9
1
111
97192
4
15
8
39244
7
8
1
77466
8886
1978
5
3
69688
7
5621
4
2
65
89
611
142
425
8
1748
4638
9
73713
46166
7
822
933
9145
6
3
54
13
733
5
14597
84
435
1
13
641
6
8
2
3
296
61937
54191
9
58991
18
7
332
76
2862
7
78464
93
2
8151
998
24661
6
9
7125
9
96
65
93
86191
894
27628
57437
4
9
15779
49939
15335
689
49
77815
9
57
9
3841
591
1
7
25732
61
76
91424
74418
2
3
4
66
23
3
6
653
11463
54197
6428
4
8
854
25962
364
3
88
26898
48984
57768
61
42
9
8468
377
522
483
4
93
6419
74658
43121
76
39
689
1248
3
97
43
262
2
8
45434
88
2
47
8
9
291
2637
69
113
7228
1243
9366
88
3
4
578
5
3181
489
8
143
3
8
8
6
444
77
1
6
46225
9
1276
89332
63
42893
465
481
9998
65
9
55
92
8978
8
7
526
3
243
7
915
91936
21629
42
9
1
5853
2694
962
44144
294
8
123
4
72
57
1
75237
926
41
44224
236
14
9985
6422
9
8268
4
651
35
76268
556
8
7
47
959
73
88
366
624
4
7
32
63
474
31633
1244
68656
23245
9
6
58876
12915
195
66
5
41882
2
7
53749
8
526
7986
5
444
736
671
4
51414
4
26795
33
8
61772
7
39
117
91118
54
1
26
4
5
2
83
3
8
41
12497
51494
11
5
95986
78
114
493
9
1
8367
19
739
37
37
5
2
77
5758
95228
34
76666
8
21
5
4
68
53362
1
9
1
9762
4951
4329
41
97358
368
89
77
7
54
96237
3595
7
8
9
1435
2
4
5
99738
482
83641
9
9
96
4
5
8
2
7129
1
2
13
68663
2
7731
34448
94689
2871
54721
7
15
5128
6756
575
99
945
16
9537
3
5
43735
66
1
693
5
36394
4445
3
1854
5
2935
5155
34364
68277
574
6
331
8
5
52376
91337
12
1
3
3
1
8
4
94853
49
4
1
2
3988
4
52623
858
159
81
82329
43953
36
8
9
977
96376
991
83
3
1
83694
85656
54166
4
77891
283
2
8891
55
65
7
829
87
13
4
25611
2
3
91
69391
6
22917
13
87767
457
3
58642
84
1742
328
21319
675
36
7
4
38
628
146
73818
78
97
54615
2
5
774
49431
96
79
41376
587
3
4
45
3
38
93953
29415
7
16646
41719
52325
9
17
3
3
29846
6
38
4
12528
99
77
4
5
939
451
5
79
828
7622
4652
7
6
97214
842
1
1
358
86433
86
7
237
82
3
951
76954
53
19
7687
2
67432
43629
1
2
57
1
4
13
46726
8
5
6327
7
87719
58
72172
97
7
9
6
673
77
56
368
8
2729
95518
7
71368
9
82
2
4
48
536
94
35
386
7
17
5512
15694
43
6334
8
36859
4886
4
2
566
961
83
91
3638
37864
66673
563
25926
5
76
9
35
31
15585
65948
512
4
1
765
4
51
54
9
5
383
3
7
78254
12
7
2
9
9323
141
5
12
9
28
9
15
38638
184
78164
42951
62
15
81618
74
33
727
723
4189
88
212
814
16
38
4
31
34494
14546
6
4
1
19
647
45
25465
6
7
9
91959
5
3
4
14
22
87
99
96
89
1
12
37
7
9
64827
78
4
7
392
89
81
9
39
8295
8
2
62643
38354
48
9
366
62
85
56175
65
87
87
3
3
628
2
24
21961
11235
1944
231
74
559
3
68957
8585
65138
73
819
7756
75
18
3712
4
6
5377
89
586
85
319
71
4
49
89866
6
51
424
9
43276
43593
71371
39178
95945
4256
2
9
99
59
391
4922
5
82215
68361
648
7
6
594
71631
9
33369
3978
6
73
426
6
6
1
91145
43
1
9
5
73175
78913
215
7
14
53575
5
22
4463
8727
77444
47
587
3342
18
13
772
82512
16
23788
56
6
98
853
616
59
4
45
29359
43
8
31
21
4
9
89
6
82892
5
935
89
854
56
93
61346
8
73
1
23289
179
212
98
7
527
1132
1573
9
22333
22157
7
57
514
82192
122
3598
1
84
9
57867
64
7
99935
79658
84
4
21
8
33956
43
91972
62526
624
84
8
9298
11
933
6152
6
1
5265
922
1
69
844
6
23
95
51976
1
68723
8
7855
17779
35749
97
83411
3
96598
7
22842
1
6
16466
99488
2465
7
8
9
28
1
6392
8
52924
84
156
2
7
64481
99
621
422
6
485
84
5
4
22424
66
4
4
94817
2
65294
572
9
1
835
88184
56
4463
91
55169
9
99
696
1931
3
5
25574
9
784
41
77
262
8
3
8
8
8
465
9645
1
57756
6
667
83733
18
91
753
3277
7
171
36
9
188
6
31
8
3
85
45894
71
5163
97
41531
8
916
8
6
8456
1
23735
7
38
53792
67
6
6
51
51
6
1
856
74
66982
35636
398
558
215
5
83
9948
59278
9
96352
92113
7
7
89
8
729
9
44
79854
5
73443
9
629
49
677
86349
4
88788
92
2
85
5
46261
78645
5
9
96484
41
26
8558
2
19
819
2
19836
8
63
99316
913
16
9
2
13
8
7
1
6
8
5
5
8866
8
1121
69
6
892
8285
518
141
76
53113
8
4
97782
458
54
71
42233
93
3424
9
3
635
3
2
84
2
5767
15
6
921
37
198
58
7436
851
68
9719
3
4
5
8
9
16562
296
7718
6
8298
425
2
6568
48241
7
8
6
993
5
1844
1
678
5
996
55891
78
39936
4
9
712
71223
5
23
7527
3
6
8142
911
96
4
793
7
17424
6821
618
6
78
73877
73921
58
2
234
8
4
39
3
17
83
95639
988
521
2
98
2
4579
6
9
8121
38483
5
483
6
77852
2
36
31159
8
88
5
26
18159
61745
28987
8
3
6318
4
42
3
4
7625
175
231
6
24186
3848
9
34
6
5
5
1
37
18369
4
9
964
5
76
9561
535
3
42
84267
8
1285
6
74
287
699
631
9
5
15
28
4
77
4
6
64865
6
5
4219
19733
9
2397
75
9
35579
66234
76
3
61
26
814
56
3
7861
4
1
32
1
4596
42
28
18151
38
5657
78
23246
821
29
7178
6144
13259
13
1
1
1
2
52125
4842
87622
781
77
6
27
99421
244
7
12
71781
25456
1
65
9
5
57
98878
1
42538
65
58
41682
32
6
48677
1339
482
28
43
445
14
37426
48
1738
94
91
43974
5675
96398
6279
51
6
22482
3
77
12742
3
7
595
46436
95142
97
21711
7344
14722
54187
51625
64
8
16
851
379
69836
4
87556
5
759
51196
3
19998
19517
5
353
4
573
44976
349
48956
64
2382
6
11758
8879
5925
84291
724
24
58923
357
776
78
126
13589
44
3
22827
7
391
58787
82557
996
4
5
3
45
2251
3
2
15548
6
4
1
31514
3
9
6
2
37787
463
5
9
966
49933
6562
62938
6
53
221
4
15358
39644
2
15228
4
15297
97
7
7
7374
25
1
87
477
9
34
7
2
48688
53942
48
14951
9
7
6
6
67
2
74966
82569
7
81
5
76989
15
113
1
2
3
478
5
1668
52
5337
85255
575
795
98465
7
831
39
32742
3418
65385
1
24886
5
61664
6
42
39893
14123
13
19118
86
62877
2
1
1
31837
972
59
4
575
9
5
8
2
9
3
4
2
26496
93
289
56
36
48153
9
1
1
49
942
43918
56
43
33393
2834
3349
2
95
16831
9839
5
79413
89
7
385
73
35294
6
87164
12196
5881
3
57
42938
17
284
853
841
76
55181
89
61512
62617
1264
4
36
9
1
7412
6
79
21
7
458
27996
341
93
47
1
12457
89871
3
97
29
32
2
1
36322
47718
9
4
335
3
3723
3
3
37
69358
654
61
97868
26396
66
39
9
67
98
37138
83
7
91693
63228
9
3
83366
8358
43283
1
16
8
76298
8
43
2
4994
4
6
297
95
6919
97416
562
9
7626
5418
56
3
6
6
2
1774
2
67
11
1
2
9
73
28
5696
2
458
18
399
311
187
3421
1
926
55
7
87223
84354
9
5762
69173
739
222
51215
3
8
37364
49
478
64
98481
91
67459
91
33328
916
8726
26
24
76
254
78
7
7
4323
65
9
5974
2
2
6
72439
5
6
9
9
1
1581
89
8522
12
5268
7
9
9
43469
541
6711
1
3
7
299
198
55436
95
42687
3
46181
51
12782
86789
8
57269
87715
6267
9
4
7
3
43
4
2666
72
743
42
94294
19
89
4
5596
71612
77
1
42
29
62849
64
841
7981
7
7312
886
5366
54
46513
8
499
7
2223
32
36
1833
8686
614
23441
61755
17
6
6
1
3
37
49931
36
68
78
8
262
95519
55
2
58319
7
1
11
6
89
7
318
7
6
7
4
193
7
7
73442
57
41193
28
47456
4
2
87457
7
7659
1
8
76771
6
1
5126
79491
41
3
43
474
4
2
86
4
6
4796
3
7
16549
3
98965
8
777
7
79
19
3644
31
9894
6
7712
29
2
16742
7
5
2434
1
672
9
45
13
5
3
746
56
67
85918
75366
3871
753
92789
5
5
81134
9
6
25678
37
1
6
4
92931
7
7
543
14
4
5118
1
2
7187
6
8
55
1
354
24
88
8
8961
86
316
5
19817
99216
2446
4
1
79727
715
47865
66
45
38851
1
2
185
5
7711
5
119
9
5
8
8
1342
4
24
2
5
4481
6
321
18
4
15
6
6
6
6
1
66524
8596
47
6
76
42243
21575
2
2
49756
4
88
657
374
13
238
653
2
6
1
964
8
89283
343
3254
6
9
16
63127
16
8
48486
44
27
4
6633
89
46227
4
1
646
37
1744
49437
26
21
4362
65431
1561
93
8
898
1114
72831
483
4
14
4386
1
843
1
889
1388
35863
5653
1
8
7
71
79814
64949
9
5755
81819
22691
56831
968
264
1
33
5
9
43789
6679
4
7
38
54
55192
76254
1
9
7138
7922
68
6
3
54829
596
27998
13421
8
5
633
68
4
8
5765
21
7
23
57
8
34
62391
7666
251
18957
5
5
9
41
716
15
96447
1
22785
82344
34743
21915
9
2
6
359
2731
1
268
1
25358
8
4
43
342
82233
5
88399
7
65
999
2
44
3
59
6
23
79788
7
37125
568
1729
8
6
4
7
83924
4244
58686
13
5
411
65
5525
346
6
8
759
94176
6
95
8
3
41534
8
36
374
99
637
11
49
46
472
6
18795
49
21
6921
4
4
35
9
1
9
22658
1
2
22317
2312
76198
1183
95
697
8
3466
8
19552
67
6
54
5597
2115
6
99
41258
454
76
2
9
83553
3
84
6
51416
28658
35184
22
8
6
1
2961
3
6
18
2
5
851
5
8
5815
9
41
23
8
74534
3
644
95248
79798
8
4
382
3992
2
749
78492
4193
98129
8438
2
91
6
93
39
484
4
7
757
9
13936
11937
45399
45291
3
12984
6346
94
4
1
35
57
84
2
4
36
63
53
26573
468
8
7
25
75
74713
456
3157
1
4
4
6
81275
86
7521
81
913
2
13436
4
2
19238
62
1
9
4
352
63165
68771
798
99
34
1
2
5
9
2
9379
32845
4
62
4
4
6
14
299
84742
8
5
2
88525
81458
62
2187
71839
84
49857
81
3
7
38
6192
6
397
88
81
8
9
8484
746
213
1
4
191
2
5
1
4
745
31247
39952
5
83
1844
79
7
9
81657
2
16837
6
8
12
1432
67
65912
9
197
3
41
65647
6
917
97421
55979
549
1
1
377
9
159
79591
6
63614
935
583
63
52445
6
52
94
164
5
5757
87476
5
12
67
2579
763
1
3
73487
1396
9656
6
74881
44
81
26658
78472
48234
74
4
39
13931
39
31631
8
341
3
51
1945
4
7266
54339
4
89385
14
3357
9466
6
2978
7
8
15
1
4
9
8914
37861
44279
18684
3
5
7
19
7
553
664
598
6
8
82954
9
2
8
5
31
8
44
9
8
1
6
176
8
2266
82627
85
4
7
5
94784
651
387
8822
2763
3
245
52355
79948
9
418
8
4
85
22
11
8
5
53
25
85
42182
72
6
59574
9
5
93
15
19893
44
32386
6
7784
9
5
16121
73
6
46
43
42
38534
2
39
957
1198
7
41
1
33
87841
6
7
489
4
18898
43
2
9
5
4
75956
654
25417
4
21428
1985
249
23946
2
6
8
53373
3
4
5
417
69632
68438
4
5
98
8364
789
6428
44799
5
1
57
36
49
4
16476
2641
9
66842
1
9
98
9
2
6185
26
79
963
24
13
8
8
211
13
42
1
1
65
8
81847
296
2
26731
75
9
9
195
9
4
8
19551
68347
7
573
75
98798
89975
992
79511
37917
473
21854
4
5
68638
43
76
8685
6
21
31769
9
51
43682
87847
5
11192
9
75996
628
5
564
839
36668
14
1
2
4
89238
575
91
48848
237
66
565
6144
2325
6
565
77846
6
293
5248
42
65
53
546
81788
6
34
8
922
6
837
13371
73
1
1465
19319
5491
9
84
9
676
4
123
6
8
88
2
83228
5
88
6
5673
122
91
7
126
8
5
8
1
48537
41447
3
4
56
5
41
96
25672
26
762
9
84246
34
9
58
66
9
2
9
7
85245
5
749
1
93853
45
65534
16
131
4
76
654
915
4
57897
52
3
1
8531
29
5
6
91856
31899
4
52629
57
3
5
4561
36
66
9
5
4
3
75
7
84271
9
71925
94136
3
43
67626
3
52385
1
9
6
173
45
555
774
824
758
32359
85
58539
7
94667
86
3
51
468
9
17
498
8
3
5
1164
5
15577
23
1
7265
455
2
1284
97575
94539
32
616
93526
97
67
2
767
679
66
9228
35
6
7
3157
8
35313
1
1
7
254
9276
4393
713
8
5
659
447
5
46
46
2961
72
87317
53883
63395
5
49285
3
412
97
55
5
26254
36274
99552
58
22688
1
9
8
42169
5
4
1767
5
19
4
71
379
826
6
3
9
12
81
12294
7
73
86497
6
65
41878
64422
1
5
56
82
7
84
11156
8
7
8
5424
228
67433
752
7
26165
16781
97
4
63956
43843
328
49
7
14
8527
55
293
392
6
76492
231
7
2
93
3
72
62
3
43368
31528
39
21
14
99
383
1
3
57422
474
3
31532
58
6
89
49
9
1
249
677
2
93
2
9
65522
367
7
9
25
693
3
7
47
22
55854
9
469
6
8971
146
2136
39
267
1
62
39
5
3227
14
1854
3372
4
67431
82286
6
76
55443
76471
4973
84645
81
6
7
42
83136
49
7
6
764
99142
8
3812
9
9
24
17
8
19
3528
19444
2693
9
65
5
328
86355
94331
1
75
5
121
3125
6
47681
2594
56
82
26
312
6
87789
744
1
421
4
7
43
41655
7
47
145
3
2
125
31
9
85229
4
7
47
1
4512
792
66
84868
8
38391
56
3
75934
651
8
7
7
359
264
99
324
23
5
75
916
13
88
658
361
66643
5
59992
5
31528
5
186
58479
88396
41157
36869
795
4184
9
3
9432
924
3
781
639
3
9
1
4355
47
9626
5
44434
95
1
182
3
46
5
71
211
3
76
96767
48562
267
4
3
2
3659
8
6836
89
98241
494
59
43
3
5
5
72156
81467
5
28
6
9
2
5
41326
2
16949
697
7
99
7885
47742
4367
2
49
6
51632
6
31813
6119
3455
71593
8
67
61654
74
6
63
53
493
1
36827
34
226
38487
3
85951
2
31785
19
63
5
6544
61
7865
1
76135
9
95322
19492
3
6856
598
45
6
91
6
98
35
24126
8
2
2
742
4
15816
91
34724
84557
45
98738
43
578
23
226
11
27
82987
93
8
3
4986
19
99
73
93221
3
61
5947
4662
1
621
97
14
1774
4
7
74798
1148
812
9923
4
884
5993
98154
396
13425
5772
9
2
925
6
443
56
22196
49
65
9
86
7
568
83
425
84
1
8
45619
36
6534
9
396
9256
5
41
58
852
1
32
19
897
9
5
15
111
5
25562
3419
111
1
7
99
427
94
67162
21693
6
8
958
5215
8
42
6986
9272
37
57743
99
15
24911
92
155
8774
24
91278
7
686
525
1
69
6
94
7
48
4242
88
136
28789
29
5
65
6
16
4
59
862
84141
5
48
91
59
2
4
158
5
11
12
31
536
87
436
7
34
1
42411
5645
6
11168
8
1798
34
37
31932
33
76
8149
5
9262
45
175
246
12976
14
29754
59
6
1
7
52
815
55
858
218
35
37
291
3718
11
1
451
5
86737
82497
24
51568
6
353
843
2
5
3
5
536
48
1
28242
43
8
27
4
71
3
428
74359
27
6978
759
36
57
39
444
3
5
9
2
78557
71167
71
75
442
35
8652
1
361
6
6
3
7
9
3856
633
776
62
613
96
3
3
4743
197
75
52
7
74
5
1
45326
76
6
65892
89564
29
1
8684
898
778
3
77
3758
19
92817
42489
22
2569
6
25117
7
99
1
171
419
824
1
5
9
2
6
89465
38
95329
2511
4
2
79
41
51683
82995
19341
53
85
41754
85
9
844
3
8
53885
92
92
38536
75
12335
16593
54
3
6584
8
9
7
4
2
586
5558
3336
12264
1633
6415
8
9
959
18857
2
3476
7964
19933
4
92572
737
35815
7
876
917
55936
2165
72
74
55281
7
13
87831
17
114
9
697
95
382
6
33847
7
2
24675
18665
7261
85
76925
3
44
3
1
47
9
86
97
95218
49
99446
86
23
3
23686
3311
197
52
5
52
1
97
62282
6736
25
98
33
9
44423
59
62911
45552
942
6
81
8
75
5
5
86
65717
875
7
317
167
6
836
45362
789
6
86569
9
76717
1
36877
53
457
4637
624
8
323
4
13
91
6
79
3
5
6
781
9
1
95
72547
8
55799
82
876
7966
868
87
58
45
7
25
6
23387
69659
341
67
91989
4
892
677
4
831
3
822
31
47492
243
32374
2
432
21
6739
817
8193
5
5
14
2
5
43
285
2
6
84125
9
7
5
6
6
37534
53341
84
2197
8
18
4
239
29451
883
166
744
1
7
2
99
6
8367
516
7
9
2
91595
3
4
1
1
58
2716
19867
9
264
4
6
8
98947
73271
57
42
22622
6
129
5992
295
47323
68
68199
3384
855
677
32243
6
8
55998
43
45
29
4931
9
2
577
767
5
9429
5476
69776
3179
4
4
48
66945
72736
4381
12338
6
6
2
3
45
2
27212
65
34
3558
1
2128
2
96814
45
53768
62187
51
589
9
6
53638
46
476
2
52998
94
162
4248
4
1952
3
88
39
842
9516
58
65
332
5
7338
84
554
29
9
58
98647
6
6
2849
17526
1
6251
39
1
6
7
93272
92711
33919
819
69
9
3
56
2
67263
7
961
59
6816
4
36
7
2
8
8644
228
5
59
347
72
766
9
68
79786
8
84456
39
615
3295
337
-182
-1
-7244
133
6
5139
-925
-8
-4
-3
28
1
-65634
75
52
1
-56795
14371
1985
-19
4
-4
51
-85
3
-8861
-87
75
-95
-19
22
4
-3
1
39464
-8
7
4
9
37
47952
1
9917
-11
-889
-9
-2
-36157
-8553
-142
31184
2
-1
1
152
56
7124
18
979
47
-78
-56912
8
-4663
-818
-6
-891
8
593
-2
7546
-5
6
-9
13294
-4289
6
-72
-44596
3317
48193
-26942
46278
-19681
1
13
95
-47
-7874
-9
98
915
-6725
91
-2
-74372
2
-436
11
58
812
-559
388
6993
56
8
-2218
729
-668
863
-959
9
14
-75977
-9
-66
562
-466
2
-74
-3
6243
-83
-26
22131
-9
-8
3
76
-3
8357
-5
44326
82983
-21
617
-4
-29227
-62
698
-39852
-633
-1717
4
34454
5731
278
-55
-1
318
455
-5
-112
-66
981
-44
-6748
-7
-72895
6
3
711
-471
-2
-792
-234
3325
-3
845
-79
7
-25
41
711
-16
-8
82
-6
-84
56979
-2684
-1
22536
-63539
5913
-87
-8
196
-75
-34
-29914
6
-24311
-15427
78
-48386
-53164
5
-19464
-1
65
-62
-88653
87
-85843
3
88695
-6
95375
-5726
-4
13297
-9
52
-61
246
736
-65
6
239
-5
7575
6
93
-12
-89535
8
4
-78
-46
9
8169
72966
8
-632
9
-5
31
-92377
66356
276
-6
77583
-675
-9125
-6
5
76225
-88953
-8
-3
-79
-8
5258
5
-22686
-8
62882
-4
6
23611
48438
79243
86
-957
-48
63
-7364
-2
29
651
-866
-23485
4
25
59426
-49
-693
-7758
8
142
95673
8975
2583
7
24919
-2
625
-743
2285
-7
-86787
54
98685
-121
49216
-9
-7
6455
3249
425
-33
-2
7
1284
-36444
74
-884
-5
96485
3
-831
-2
-9
26
6
-31
-3
772
-277
338
-3
66
-18374
2966
-219
888
885
56481
-578
89121
93
3
-34145
77
-4
-757
1
25
-9
-6875
4
36
-9
-3
-3
-5
-86214
725
52837
-1993
-1
23
418
-56231
-53489
-725
64
2
1588
-5
21
-27468
4
1
964
63
6424
-3
-93
-87
51
-6
-3
-54
81316
7472
2
44
-85
-82511
8
-72861
-93
-1
-66591
8
89
13
4
-3452
53443
2
924
-98447
-69855
21626
-53856
-76
-79
36
-97
9
77
-8
-9
-57832
19
42913
-9844
8
-93814
296
-6
-5
-22
4
-5
5
-88
-4
-97
-96319
822
-63
-84
9
5861
68
-6
9
-23
-7
-3
-61
-79
-3
-12
81623
-5
3
-99934
-38851
-272
-3
15965
6
-9
-29
341
3
-17349
58813
86565
-2
-31
-6546
-4
36
-4
-51161
8319
63
84919
7959
-8
7
-64896
-9639
-65582
4
442
11
66
-8
2129
1
13
8
-25
-41
69938
-855
3
-18549
1
117
-88525
-6
-41
9
-9
32
1
353
3
-14
2
-83
91
8
-7
14
-13
-7
-99747
-8
-9
9
7
53743
-43
-3
-79117
78
-287
46818
59536
-435
-2619
933
8
-338
-9349
18681
-46
15716
-67763
2
2
769
83
-4
-74986
-4
-5
-928
-78
648
-7
2
5296
293
-57895
-62
7
6
-39
94
-6
75
-48
2
9
-3
9321
74492
-63
5
-4371
-9
-9
13
6
6
53
-45
-77
-9457
47721
-85
-4
54
79145
-4
-151
-57297
-84563
-7
-7297
684
-36
-8
8
-1
-2
-82217
-7
-3
26
51
38561
-81
22793
88
4742
8561
8
651
1
-277
44599
3
8163
-9
1
5
6483
-29614
-7
-896
-6
-76556
-24
-8
-28
-6
-4
-4
53571
2
97628
65
-818
-6888
-7
61
-33898
74491
-41
-51939
4811
-17597
5872
-587
-2
-8
-85
-5
48297
-575
93
1772
59
16
4554
978
-6144
7
2831
-83645
13
871
1
8
-53779
-71
54147
-78237
-18
2634
-57
8613
-97152
77
9165
-7428
3
45732
72
-53128
26218
6
-31
-216
-8
35797
168
-28561
-83
3
7
6
-4
-76
-9
16
-62323
-96132
-3
431
-47
-6872
-5
46461
-62
-3382
-958
79119
-571
9
8
-54414
-7894
-992
-72
-65
-8895
1
-99
2
32
-819
-246
11
-3
28
1
22478
-8
9
98815
4
18
942
-319
6
-73416
2
-9949
56733
2
4
987
-9
-8
86
551
5433
32
-8
-9575
732
-67988
7
-2529
-65
5
-76479
-37398
-1
-159
129
-73688
-9985
431
-8759
-98
735
-33374
3
5
-5
-696
171
-343
14363
756
9589
-171
-1
99661
79
-9
-5
-41244
3
-13
6481
-17646
-14195
45
-1626
74
132
-5
-28
5
812
3668
-6
-4
8
9
121
-6
-36
-7
-1
6
77
6194
3
-677
2333
57
953
-14
1
-92492
71
34
-728
6272
-3
342
-82
89
77
-82415
-5
79
77
-4
-454
93257
-94375
-66
-6988
-52
19
7
-36
-34
-48337
-7
91
-23
46723
26225
36
14125
71798
8
5452
4861
96
1
-998
51276
1
8
-25168
-41177
245
-4872
2
87467
-2
-155
-3
-89332
-2
-9
-585
-35
-6996
46871
-5829
73
-6
-7295
43
-3115
-362
7223
-6614
13944
-27
-8
-42796
-55
41
18476
86
-19599
57
44
-17554
-6
-7
-1
-3
994
5
-3
-63
-55564
738
66
87
81
-1
86
-82
-45
-3
-864
4
-332
-515
-55
-34
715
2
82423
4
26
151
7
57993
6
31
-9
-9
-929
3
-9
6817
-75661
8
41
-1
84
62
65
-57
-3
569
934
85746
883
-91
-9
-6666
-6
-6
812
2
43943
-29
-5
-5719
9
6
8
12169
-3
45
7
-14684
52299
-83326
9
-62
-6
-14
-2
65
-4
34
-19
-6
-92
-67895
8
359
-55
-295
8
465
-2627
-51358
-27
-7476
-82
71277
199
1
-7
6
21
49974
186
2
-9237
-25249
9
95465
-7
4
-371
3419
59
-83
-26
-917
58411
-8
-3541
-828
-225
-88549
2
63
-8
2
-71955
6
-6
-182
4
-57
-728
641
66
82835
-5
-19
7554
12
-6
58756
-2
-6
-4212
-35
-56
35
-53
-76
-13
52762
-5
-57
-682
676
-4
8
-7
17
6
-5791
8
6
-6683
-9885
-8
675
2
-214
-13118
-73
-48265
4
-6548
-98
858
93894
-84224
1
-16
-836
5
-65
2
-31
-1
-2
-5221
-9
-93
-5
-4
-947
-712
-8
-82374
1157
-945
-5
4511
-426
996
18861
-795
8
8
22586
-5
97289
8
15659
88
-9
2
2
-2
1
-1661
1
74
6
59
-6
894
-41
-643
76
-1473
-3525
21
57671
-3
-2
113
7
-2993
-64656
4
-2
-96
-6
8
-388
29
5
568
25
-91
7
-391
-9
4
-41734
5
6
6174
993
-93
-46
-38
-5
-2
6
-5
-4
-7539
67418
8
89
9585
-7264
669
98472
2
-5
-7
8
-62
-54
-4
9387
-84
-267
-5
25848
-7
-357
71362
-42
79
397
88
-23
-76
62516
93
-455
4
-8
-93567
-8
-7
-58
6465
-8539
-9816
-27
12
1
927
2532
-91
-98
27256
3725
162
-824
4
794
-3
-9
86498
-67119
15231
479
58342
-3743
-222
-56
-4
967
1
-7
-242
155
26376
-416
2292
-73
69
-8495
-518
3
-2512
-41
36
-4
-852
-6422
-66
-92
79
861
-5
3
-8
45
-63
182
-83
1
394
-984
-36
-19
71
1
81219
-95867
7
477
393
-267
-913
58625
-722
-59842
-185
68
2176
6
122
-5
2
-52231
3
57
4
4
243
98
1
-5
6742
-35
-78893
371
16577
18751
783
1
85
667
6
6
-8
-8
-3
-1
58263
1
7
-13
-919
-3789
-7
2758
8
3
-94627
4
85
-36
13
6664
-55394
4
873
-97
-93677
-598
8
-88
4
-77817
1
-8
-17211
-21
-589
4
-48549
-16675
4555
-2
4911
-66
-34
84
6
6
191
9
3
-8
99
55987
97776
-73
54821
-58
736
-28
3
-3
8
-798
5
-7136
95
2
8
39
77
-58549
88
278
-76329
4
-5
73539
9368
-7
7
-1
-9
589
-31
578
3
-3479
-75
1725
-6
4424
-28
213
-33856
37
281
9
-733
-5
-3443
31213
5
-3
-621
-52
3
5
769
274
583
54
-19576
9
95
7
2
6792
-976
3
15
38191
-84185
-2
-455
-1252
66
-7
9727
-41559
6
3
-9
1
123
-1
69
67694
-22942
31451
-3
-23
-72
48
169
794
87
-8
-562
-1
12957
-95433
-9
-68
-8
-4375
-43
863
25
-5
77
-583
-16
3
-16862
-18
1
-6
-591
67
-44936
-2
-92948
-738
-19
147
9
82
-3
1
-95
-8817
-432
-7
-6
79
685
4
6
-19947
66879
-1
3
8
-4
97
-1
965
96334
-5
5
3
98381
727
-55
4
-55
-658
7
-19671
-4297
22
-47
-13
-5
-4137
2
-59
-3
98374
-415
2282
3
-55
1
-2
3
-8292
28
8319
37449
-694
-96
9
-19
-74
92
-8
-81
-731
-7
-12
95892
24
-33
62789
-83987
-3
54
32877
8
776
-28
52685
-872
21
-8
-44
-33
9
-4
-793
9
-31
259
7
6
-28991
-12
49184
-8681
-5237
-4
57
4437
36662
-9
-6
75
59351
2598
-4877
-9
-925
-5
-8
81
-764
8377
38343
-3
-5
-47
-66213
42
-8148
92418
-68
72
-6595
45
-815
-7
-65
39
5188
-16
-2288
-1638
-496
47529
29
89669
-4
4
-516
-5
-2
-6
-6
19774
9838
51
-41252
63
25
2
63
274
-2
2
4141
-8
57175
96
29473
-24
782
-138
8
-11695
2
147
78543
64264
6
4
-749
71824
5
911
-293
-14568
7928
-59
1846
5
-28846
-41
-275
-826
-94
-9
-32
88
-9
96887
-11
43
-4
-4
-7
49
-83
17
753
-6648
-5
-7
78
-583
28
-281
1174
-18
-38
3
-2
427
-43622
8
34
-5
-4
8
8
-3993
-845
71645
-6
-8
-2
-9
8458
-26
594
-729
56
25
-95
-94751
-38234
-4834
-2317
4
8
96
87
65541
2
-3133
-41244
21
-44793
-4
-8
71
9
-61
-13264
-33
7
-8
47141
5
1
93
-247
32
-6424
-82768
7
-16475
-13
-31
-131
-45499
-37211
9
-479
-7
-75573
-64
-423
12
9
-46
-8
318
2
-3
-94
-549
15
38833
-6
65
3
4
-88
-38
-56
63666
-48
66
-4
7
-94
-13
-78355
41147
-2
6
-9
-681
-16323
-1
31871
1
-15436
-731
7
-85
2
-2121
-889
-93476
-569
5
4
7839
-33871
42137
75892
-5483
4
-8644
1
-86
-39997
36
-675
-94
-38
97677
467
1314
-917
-5
-69
-492
5
1536
-391
-31
-38779
14
136
-9
84882
-949
-723
2
-4
-89
-8
9747
-3
-4
27
74
-78
9124
-9
-8
6432
2
1
87
1628
-5
-51
834
56
2238
14
6
-8
-35
-3
-414
69171
76575
-888
6
7
76
3
-9
5
-91
-9111
5
-7
2
-422
-29541
31957
-16
-12244
34744
5
-48
-47
-2321
959
-94
-6
-3
-3
-1
-4832
-94
15342
-9
598
-9
424
-6693
1
-18872
5
-53464
9
-9
-259
-8772
-73
-21811
-26
187
59415
5
3764
8
94
-27323
18276
19
-61
-55453
7469
-212
8446
-23
2
-5891
-6
-49882
-451
-172
19497
278
-25
12
-27
-82
3
67
3
-26481
367
6658
-89
-73
-5
729
-18
-2
67954
-95
4
93733
4813
-8
-45138
4
-5
1199
-8
12742
-11786
-73378
9
-692
2551
-1
-4
1
85512
1
749
1
-7
-27
-4
-741
-688
1
6739
-32826
-5
1832
63
-178
-96732
-1
85354
6
536
743
74
-48
-95
619
-5
-2823
-96
-41
-476
-86828
-3
488
81322
-89
-384
-24
62854
-21
5
9
336
61
335
-189
36956
-7
36279
-5
6155
-896
-9
-25
9924
-4
-175
-2
63
69
-1
-2
7
-2
-45882
-69
24
-91932
-3995
-5
-1199
6
37126
33
-53
54427
4
-7
9
-619
-665
113
-298
5
2
95
6
7
-2
-7
47628
-975
-5
-36
-116
5
691
38
-2543
54776
-9
98389
2
1
-87338
74
5
19674
-558
-57
63
-6
-259
-9
-23
-786
-8
-4379
67
48
-8
-5
-1
-8
-3
-81678
6
9
5
17338
8
-34
41
86
7
-7
-87
-98
4
81275
-1
-19776
274
-989
-9233
-5
69572
26499
1
-56
-2
-4
9
-74
-1115
-2375
-86621
-31819
5666
-3
-479
55
63959
-31456
-5124
6
-3
26194
71
-8
5
-6
4973
-63366
854
-93
-46
-3486
-7
-6
-3982
34729
-1
35
92186
2
-64
35
-87993
-51
126
-73256
8
727
-99
6
-4912
7
-5
-186
81
17585
-5
87811
-82
8
-4
-64
4
766
-37625
-26
84572
4
-37972
33
-4
-5
7
32
5
81
-58
1
-1
6928
-42
-22
-2662
45
51749
34
343
9
-2
-8
-9
15
7
-737
7
-67
57618
-7
2
62976
-77475
-9128
-6
-92
36
-316
-4
-27
-74
4515
-2
-3
-116
7
42
-5
-44124
78
3
-747
6694
-93
-3
8
-5785
-9
11
48
-596
8
-2558
-56
-65
65
-48
2
-96
4
-245
-23683
9
345
187
5941
75
-35
9
2
-61
-274
9
99
47
5332
-4
-6
-2
5
-27841
-4765
3537
-9
34
-126
5
2
5
9
-9
22328
-3
47
-7
6164
-6
-6
56
5
2
553
-23
-121
41397
73
728
8243
2
643
37
-385
-547
-135
-6
3
-3
1114
-1
7
12
5
-75
99
9
-298
88
-517
7
95
14912
-98
-26
-53
-2
9
-6
6
94
53
-9767
-5
551
56456
-677
574
43
-112
-556
-82698
-53976
-89
23
43976
-322
-885
-78114
71939
7
2828
-6568
8156
86
-5
61813
-95548
-33
2
4536
-26
-26845
-74836
42
-392
-3
-91939
2
-69835
73577
981
68575
4
-131
-7393
9
7187
85
-4247
-7
7
9
627
4
4
9981
6
-8651
1296
-896
-48
-671
-12
675
-5
231
-869
-4
-6155
-49
-487
15986
-6
-75
2
-34
8
-7
22
62948
5291
8
-88
-2
-41
71937
-99
795
296
85
828
697
6
66875
91551
54
-67
-717
55
-145
-53
394
1
38
-67632
-17
54
82383
-45
-4335
3
-443
-68364
9
-79665
77992
233
-37157
-3
74496
71
-5
-39749
7
72
-35151
-59
8
5
7
88
919
-8783
4
7
-49227
-7
78873
8
372
-1
26
62384
95321
-25142
7
-29
5
-6188
4113
566
-81
-4
-73831
-542
37
-14
-4
-66
84543
8
64
7
-1
61641
-4
7
62
-4
2
68
-9
-16936
19
-8372
4
-2
-3
-6
-7
42
1
-87552
-4327
-34
-842
-242
999
888
-9
-2
-99823
1
91512
-27
65
-1
-23
-59
-6
-7
36649
-97
-985
7
-6
28197
-991
-3344
293
1833
-5
1
4
11
-852
13
-68
-74
5
92353
5
186
392
46415
58
9
3
-663
91943
-25361
-7
-82
84448
-74249
-56
-269
-161
8
-87
61
24195
-435
3
-8
-6
-39554
352
-3
-9
2
-517
26289
-8
3282
-7
-34192
-79
-5686
112
95
-3
-312
17
66
56
17
-98595
26964
-17
-8
-218
8
49
9193
-291
67856
-81456
2
2
2
9
8
574
-51
7765
-3
-41
77847
96588
-3383
-2166
8
-918
-84138
-732
-2181
794
-774
18
-5
-69584
493
52121
-5693
-651
-18
12
34
-1157
-64
-7
-94
94
-575
-2121
2262
77824
37324
9
4
1
-8683
24135
8
-5
-6558
-9
-113
-79994
8769
6
66
-5
-41
-678
-9537
-963
1
-97
-54176
-4
-7475
-41
-698
354
-154
-489
-4
-4
18871
-1
-4
261
-37785
9835
8
7
-33
3
-76683
-42842
5
2399
-853
64287
-1
-3885
-4
-5
39916
129
686
-9
-96
-3
-56319
-49593
842
11873
29
3
-1
-56
-851
59
3
-7
32152
15
-33149
-41
3
-84422
532
1422
4
233
5
-8
983
-72
-29146
-4159
644
-88
-293
-76
457
-52329
-2
-66717
-6
3626
-6
-95
4
-67
-79254
5
8
-74924
8
4
55387
-466
7
-672
7
-5
7
-361
-15267
-99865
-4
4
-669
-3287
-982
1
61
12323
89918
366
6
6729
9
1
46
91235
39585
46
33
7611
1
764
-15
-14
63
3
158
81218
-4
29
-7
-96
-5
9
54
928
4
2
-4
-7
1722
-6
19
-6446
92
-8
7
-99564
95458
-66454
-56
83
-575
5
5
6
-514
-9
5
-79386
-159
6
-15
2
-64236
-2
21
8683
238
-88526
-45
3633
3
-64
-345
76
4
-2
94
-521
25
-37938
337
577
91765
-42441
-48
-96346
-6
-26
129
63
8
717
-3
226
-76589
457
-7113
-314
219
245
22862
-944
-36
-72
-83798
9
-89
4
-433
-4
5458
29373
-69229
4949
-98317
-718
52
54366
-51
-91
9264
-45
-692
-3
9
-3
76421
41
-225
8
-2
-284
-7
-94566
-63
-4
-5132
-2
-97159
73
-549
-98545
-2
66516
-9
-169
9391
2
76474
-99
-76
-31
-954
-274
77
22723
23517
77
47
-29
-3332
1
-3
6
7
69883
-45891
-31
-227
-93432
3491
-418
-62275
3
38
16996
-32845
-45
25
95
2
4
-6
8
385
4
56875
-43589
-7
-2
-79
36
-31625
-5
18
-96
-24142
4926
1
-96
2414
4
-78555
-436
33
-65
77
-8
9111
63
79
3941
78
-5
375
-9797
8
8477
978
-5
-3
366
9
8
7
7
-32138
-5
13
-495
912
89188
96
54157
51
-4
284
-42
6
61
-86
-9
-4
3
76
194
6
5
-991
2
5
6
6
-6
-7
4119
29
3546
7
-6939
83999
589
-7
-37
25
332
79
1
12924
311
69225
-87737
3
446
-2
-5979
-7
-6
-4279
49934
8
97
329
-47
37
2
-9
-139
-869
36651
643
-3
-8773
-79595
-43
-8
-1
-85958
84651
-27
-2559
44368
8365
5
-8
4
4
-6
-96
-43
-7
8
6
2
7748
-3177
71678
-98
-6
-9
-25
991
7
48
-849
-27
99
79628
-98
-55
-82
-4
-32279
-7
-61
-9
-98
-1
-1
36157
3
5
56
6
1495
-316
7
55
96
56
12713
-68
-9
-92
5
563
-236
79714
65
4
-8
-686
43357
-7
12
-86536
249
-98251
-172
-25
8
-2
-3
-455
-6
81451
5
172
-5
-573
66
3
-963
613
-114
47
-3731
1
-9
5
-6
4
-8
-75598
-554
-7
5
478
-6
37655
-38
111
-3741
548
-1512
12
-66512
-75
-1
964
393
-63
24
-5
-78191
764
81326
61
5434
278
86
-546
3
3472
35
474
-55
133
-1
241
-7
-8
-47551
-64373
-544
-8
-4
45
-61
9344
51
9
5
-554
7
43
-78419
93
-92
41
2
737
5384
-122
4
-5
-84168
-44469
59541
-652
3
-23335
647
-518
245
5
-1
-54
-16
-2
97524
48894
36
723
2
-6
-62839
-6
9
-9
-3
-53619
-6
-29
26
7
59315
-4
35686
12
-8632
-33958
-9
-7
-8
-26
-931
-6
-32179
5593
882
-63
-98
-6
-5776
48516
1
-87
835
-3668
-7
-6
8677
-5
9
-79654
99
8
-8
-37361
-68152
64
824
887
3373
-51194
64
3882
77
2
-7635
3
9
-4
-8
-14138
-968
4
44
-2
-758
-1
12
-459
289
-94
-34
64269
-847
-4
33473
-98
-7
2
-26322
87656
27
39529
-34
8
-781
1
7562
965
625
6
4
782
16
36
62
5744
9
-78
73521
12
-5
-1948
-1572
83655
69
-38
-77344
-52884
-3
-23925
-42
-28
5
-757
-9
41
-93
-23799
56857
11
-66
66
-627
95
-66644
32
-1
-3
-6
435
878
2296
328
-4
97
3
-3
-27844
31233
653
-8
-96169
-91367
-43
25
92
7991
7
-2
-89235
-9
-541
-4
64
12973
-92836
-1
2
2
3
861
4
-8348
-8
-3
-1
9752
51124
6
-12
-75
446
-7
71
27929
-28621
2
-41238
-319
-4
-7
-168
-29549
96
-1
-562
-66176
-7
-1525
69
32
-845
11859
6
19733
-7
39957
113
56862
8
323
35
-15448
-7
-59
679
55369
-55736
-2
2
283
-86
-7
1179
9563
98
-8
-9
1
6
-2127
7965
-97631
2198
25
-89543
-48169
788
46369
4
-9
-466
-97499
41972
-8
-69
-75913
-8
6
-18473
78287
57325
-9
18416
79581
-4
32
24887
3
-558
7
94
-56
4
495
89185
45129
1
177
-5
-486
-661
-1364
8
68
-864
47658
7
17
-4
23
-81
32236
84583
34788
-94
-3
1
-525
98
-28
482
-5
-2
-25583
-1
91
-81946
-1858
5
8
73946
628
-61746
-41316
-9
-824
-3356
385
62266
8
73
-27527
8
-94454
-8779
5
-9
927
663
89299
59
53
-2
-1
84
-77
-5915
14
-939
8
4
3
96613
18362
5
-68
9
9
-35
9
-14967
5
-612
7
6
96
-49
1
3
-45
121
67
32
4
-7
4312
8
722
9
-3
-21544
-9
4
7
882
8
-1
-39322
58
269
-86
2
-6
-9
4
-35579
-8
-131
-47
86
978
5914
6
-767
62272
-88
1155
479
-2
-5656
-491
97423
-49
59
-61369
-28
37
4
918
-24273
-48
8
-2
-64
-4188
5
47
-33767
679
5
78383
1
47218
3749
5
-2
-2
95
-686
-453
-8
3
-4
-7
-9
-525
9
-36368
22318
-9
238
-8
-56
-89
-94
-12116
53
84
14534
21721
-8
6622
-623
2892
-6
-3372
6153
-2
4
77
33727
-891
16847
12
-478
-56273
6781
7
48
-7
-32
5
615
-43
-97
-98361
9523
7
61
-289
86251
5
9
1
-9
25
-29
69
-51
2
9
-6
-1
-56
-38296
-44239
21216
-19
68
-27139
2978
-4
6
3
-75
88
8
-9
52
4
2
-5
-9
351
5
5
84161
43
5299
79
-9
6
-6
12158
985
67
-23173
52
-27427
67161
68872
-83212
-2
344
-58287
74223
-14914
-53
766
-5
-14
3
26131
-3
-1
1
-231
-7
6
3118
-56244
-61
-186
-8
-254
-5
-1
6
-76
86
-78
-4
-6694
-261
-69
29
-3
-6421
83641
555
-6
-14679
82
7
-493
-25517
-82138
9
-447
97
-7
6
7
-76
-51534
-8794
9
8
-1715
4
-34
-42145
9
-47
-41
33
-6
-7
7365
33
7361
-48947
9112
-97726
44
-36211
1
61242
764
5
-23
-3
-2615
-4
16
-925
81536
3
-8
9
-54
-2
-61
-39276
-5341
13
98971
-63
1
-1
2
-78741
2
91235
-88919
78277
-25
961
-31
-3
56
7925
4
-397
-7
1495
-4
49
-525
3
-5
1
-632
8
-83
9
5
782
37
-6
-7
52
-287
-141
1
-7
336
982
8
-83
-1
-36521
-287
-1
-78361
17
6
-45642
-2
91
392
-46351
-42
147
842
3
-374
2
-2
-93
8
68499
-33182
-93314
52389
-7
-647
5
9264
-37192
9
-83
-7
9
7673
-348
29
-3
4
14872
-8519
-72854
5
2
-31
-7446
8
-22319
-879
53
626
-7568
-56759
48334
71535
-35
-6
-6
-2
8694
666
14351
92
5
-36615
84
45142
7
3
-8914
66253
64537
-81165
1
-59
-3
42458
3
1
-599
-7
2
-6
-18
-88
-4621
91745
-72
-3
-76
2
-43347
-147
-77
-8
-69699
216
55
-4652
371
94621
-61947
-8513
-8
9672
7
-5
39
8
-8
14
1
56869
8
68
1
9
-88
-26
-73
14662
-6
-17965
48929
-78456
2
-79
-1882
-876
-49
9
425
2
-2
5244
15324
9
-64
24
67
4276
53895
-12
-953
2968
17781
6
-4
49
85193
462
-43583
-6
88
-4
-9
81
-9
-296
-38
-5
-28784
-43
45834
-93861
-44
9857
6597
5762
3
71
92943
2196
-9631
-1877
7
-4
78
13312
6
-8748
-14
-92391
-4
-44
687
74
-31836
-6
73
-25
3
8
-9
77
91292
-6
13
-1
3
6734
312
-3
58
-185
-911
-88265
88
-2
-1982
9
-2471
-7
1
-6
1
542
7
-8
418
423
1
-69
-6
4223
-2
65
1
-95925
-5
2552
-5
-94
-7
-5565
8
271
-9
-75161
-28978
-62962
5
119
-44
-35
82326
6
49213
88
31
-9
94167
-94
-757
39
592
97
2
59951
-4
-9
8
1
-96727
85583
-1
-4
-341
-38161
59887
-8984
1
67
9
-9
-5
3
-6
827
39
-747
-7
1338
4
53
265
-8
89675
-29
-1
-7
-5
84
-55874
-32879
8
-94867
5
21
63
-24
-769
-993
5
9
7
4852
74
788
-34745
-91797
3
-72359
-3
2
5
14153
-4344
-15
446
2
88
65
-97
-386
8
-78
99353
-15
-6882
4419
581
46831
-15
1
1275
27
54645
9
-5
91519
-6
-81
5
-93688
-4
8
7
28
-1871
-54
-61
-19214
919
5
-45597
-64
542
-2735
62
6925
-17954
2
-367
-3
-5
-93
-818
-97
6
8
-27486
-8
-51
-6
4
8588
-4
73634
9
-9
-3291
-16
-6
3
-743
118
-7
5
2
-19
-5
6
852
6
-28
-874
52
-758
-33644
87
34
215
529
451
9447
481
-53985
-5654
-8777
1
-4
-4
-75
49
-8
-6733
9
4
4115
-9
-5
54
-6
-2888
-48391
73
-968
4
-278
2
43221
66668
1139
29335
-2
-5
9
-7
-94
72614
-2
-4595
-84
-4
-13434
7823
-19131
7
-9769
-71
-19528
83
86833
-9183
5
45
-453
-52778
6
-296
-29
9551
179
6
85
-7
-19166
-39271
43151
9
2
97
5348
-1
266
-26
13672
-4
7
82663
-22268
5
-71
-28
635
-44
-2
2
-761
5
-79
-35539
-34827
-2
-47
-536
3
36179
625
-4
241
351
9
3341
-64
-6
-312
11
6
-7
-6
964
625
2
-61
5
-22
25629
6
6254
-3
81
-52
-75496
96674
-96742
78
445
-5
7
17
-891
-3
-4
-2
6
-95
4
-472
6
2
871
8
6
-318
6
86451
38
1
-17115
-85
8
47299
8
-4
8
-2
-13
-11
5922
-8776
97
2415
2
-78142
-75
-66
-93228
-67
52565
-1349
-276
187
-8
76
38894
71
7
4
563
4328
-18
-516
8
-93
58
-93
92634
-34276
-9
-5
-521
71
59
64213
8
-3
31
338
84
36
31
-68
-6
-6
8
-6
2
99
-6
-733
8
-2
636
-479
-2
86556
-67
71772
37
244
98
-5
-3923
-9
-76389
49154
24274
78
-3
7
-38832
-1
727
-8542
7
-5965
12746
-5
-21212
-4
-51
-24232
-4
-3
-4
82
55
-55
5
68
-38
-55251
351
-935
-8
42
-992
-8
-45
5
63
5
-8
4
5
9
9854
-1
-2
-91
-64
-93
-65
75
-2
-82
-42
-317
58
287
-86
943
-593
67652
775
-54985
-2
7
-5
9462
-6
53459
74
8
-1
214
7
84
-6
-47
7
-931
-7613
34
9482
3
-85
-7
83
34641
-46745
18472
-8
133
2
2
-3
-86556
-427
7
6
62495
-35
8
-484
1
-8
-74
-8
5
-59
-4
4
-23546
91694
65
516
-6
92395
5
-145
-2756
-8
67729
-4613
2
65
3
1
-6321
-3
2
-78127
9
7
47
-47
62
-5
-7
-2461
91
9
-32
-33467
-8
3778
-2735
995
-9
495
5
5
71
-31
11
-58
-41991
7
-5
2
77
286
135
-6762
33
13
714
414
911
7
-2
-14493
-4472
3
59
-8
3
-4
68
8
-8
8
73836
8
8
-82847
-4
-16581
5
8177
21145
78
-7
44557
316
5
-6
8
23
3312
925
-41828
-9
-74
-662
-84881
-83
-6
-2
-1
-252
-4
-9
42813
-365
-2
-39
64
-83257
5
-25
-53522
-6
-6272
-2998
-2
-21
-2539
-2318
1
7
9
-1
-3428
-5
29176
26
573
118
8992
98
6
7
-143
8
9
-7
8392
-89367
-9
84
-2
75128
574
4
-4693
8
9
2
-34517
5746
-4
5
-5841
44846
2266
287
73
97383
-612
67115
77
87776
-8425
1211
-867
-2
-7
-63
-27565
7
264
2
9889
-4533
-92
57
-27
61344
-72181
85359
16
797
61
1
-68
-3252
865
21514
-11
-44
-2
-1
98
94925
8483
-7
41
347
8
7983
-21951
-5
89
-86
-3
-2
6
15
5
-8574
-7
2
68359
8
999
5
3
44
92
-755
-5
6
7
-593
51482
3523
54
-6
345
-7972
94519
-5
-76
156
2
78
47
-543
-5
14
315
-9
-339
-42766
942
95
2
66898
-33
-11
-2
78417
-552
-71558
-49484
5942
69
87972
-5346
-33745
3547
5
-15
-49
-9418
-1
-4
-847
-86167
-7
-4999
6
157
6
24
-4
284
-142
-23
56389
53693
-49742
37
7
684
-68362
92
42931
-6342
65276
8
59249
25
-7544
9633
-3
-2769
76338
73
8
44783
61617
-1
-452
688
4
-2
1
-88
94722
42
6
-33981
83
9646
86
-16
-3
6
454
-2
128
-97
24827
-352
-66
9
-61393
-6393
6
-6
66
8
844
-94499
21574
-59732
-59
-4544
-5
-15
-88261
-5
65514
-8
97294
-61
572
39479
-4
-52
-6
5
99
-1
-295
85
92565
5
43
78556
-77
53628
2
-8
-5
6
-69
31921
48419
48
166
36678
29
-5
85
42
-7
-67
4
6
3
-1
59
2
869
3
-1
-7
-9
4455
-3
5
2
-6
56117
-354
5394
5
6
66
54941
41
-3166
4
-64
-51125
-9323
65365
-79
-23
-5848
-739
53851
-91519
2
-1
82
-2
-51
-869
92285
12
-87
7
-9
-1273
4
64
616
-2267
28
-5
7
-89845
-25
6
-885
-9
-51
2
53
-92
2
5
64
8568
-61481
7621
25727
886
-989
768
412
91472
37793
-1
12
-13459
99945
48
67733
-9299
-46
7
585
747
93836
864
-9
19
-6
-2
-5
-842
632
-446
-67
16
-9
1
27524
-7273
74
-71542
4
29
1
-6248
81
-3
3
6928
-8
75739
6
-7
-4
8824
-7
49858
-21
8
446
-5847
71
6
-5
73
25371
95
-66
15716
-1938
-14
-4
6225
8
-94511
-923
-56
-1
9
61785
-7998
1
45118
-9
97215
-7631
15
-68
29
82
5
1
-33
128
8
-69652
656
881
2376
-9
1
94439
646
-4779
3
-68
-32286
49
-1
-6
-381
7787
-19
9
-6629
413
1
-7135
-5
558
62534
61769
72612
15297
-6
-8
-9
-3121
598
5
-5
-3775
-7
-894
455
62
13793
21338
-6111
531
9
8
-57155
-6
-71763
58266
-42162
-77233
24
-497
-587
-875
-17737
6
73
5
-936
2
-722
3957
8
-21
7
-2
1
6
324
-292
-3
94
9
-826
-9
-2
8
-65999
-6326
8
-58
96954
22
-893
-558
1
-32
-97
-3
-64
5732
-8
-47574
-87
2
-18
58956
-15
-93273
93232
3
-68828
-39
991
1
-31
33
547
-7
-35
-2
5
7372
-38
-561
-9
-44
-263
37
-4558
-4
-51
-1
56
91
47
-1
-33
-16886
-9
-8
28
96645
-97
45
914
-19
-271
-2
73317
-39367
33946
-3
-117
-6
-555
59
31
1
32221
-5
-9
-4
-2
-811
-54413
31
2
17
2164
-2883
58881
8
-91
7
-866
-5
38
8166
-1
-28
573
-35
32139
1
-95663
66
13934
25
-2
-7599
7
-5
-64
165
2523
21
8
-88
-3
-6
-5
-46245
-6
7
-37416
-658
-534
-153
-62144
3
-44
-3
427
-246
-8
79513
4
62322
-4
59
9847
84818
-8
48265
67
-1
-5
-589
-8
63989
-71
-132
-96119
-6
54
-1
76
-5858
29
-8
-3
4
-5
8193
-83
-6654
4
1
-44961
26452
35
9
7
-78
19264
5
-3992
83
95
216
3
51712
-71413
77
1519
-7426
96
-5
-45231
-37
48
6516
-13291
-737
-4
-23944
-52
-141
-57381
-35
-7
99
-74
1457
-444
-6
121
-182
9844
-31
-36657
8523
-53
967
-97
5
-8
1
-13113
-575
-2959
95
922
-491
4
-26
-37
-1
-88922
-9
-254
27
-53583
8
-1
